1	1311652154	̨ٕ	B	5	944			4,4			΂	ش̎
2	1311652355	̨ٕ	F	5	2154	2,2,2	2,2,2				H	
3	1311652399	̨ٕ	D	3	1888	3,3,3	2,3,3	3,3,3				
4	1311652477	̨ٕ	A	4	1900?	5,3,5	2,3,3	5,5,5			,Sڋ,,,и޲	ָؑ
5	1311652523	̨ٕ	E	4	1879	3,3,2	6,6,3	2,3,3			FSt,H,H	
6	1311652586	̨ٕ	B	5	1309	4,7		2,4			ׂؕ,ꂽZ,I	
7	1311652630	̨ٕ	D	3	1500		5,3	5,5,3			,FSt,Sڋ	
8	1311653649	̨ٕ	D	3	1500	5,3,5	5,3,5	5,3,5			Sڋ,FSt,,	
9	1311653804	̨ٕ	D	7	1900	8,8,9		8,10			ŉt	܂Ȏ}
10	1311654063	̨ٕ	E	5			2,7	7,7				ش̎
11	1311654165	̨ٕ	E	5	1800		4,7	4,4,7			΂,r	
12	1311654218	̨ٕ	E	5	1645			7,7			ꂽZ,	ش̎,ָؑ
13	1311658609	̨ٕ	F	3	1658		4,6,6	6,4,4			ׂؕ,΂,d	ׂؕ
14	1311658827	̨ٕ	C	6	1684	11,11,11		7,7,7			ŵؑ,,ꂽZ	܂Ȏ}
15	1311672659	̨ٕ	C	6	1711	7,7,7	9,9,11	9,7,7			,,P,ŵؑ	
16	1311672827	̨ٕ	C	6	1469	11,11,7	7,11,11	11,7,7			ŵؑ,ŵؑ,	
17	1311728687	̨ٕ	E	5	1521		2,2	7,7				ָؑ
18	1311739088	̨ٕ	D	5	2392	12						
19	1311752136	̨ٕ	F	3	1518	1,1	1,1	1,1				
20	1311752177	̨ٕ	B	5		7	7	7				
21	1311752241	̨ٕ	B	5		4,7	2,4	7				
